01 001
01 002
01 003
01 010
01 020
01 030
01 040
01 050
01 060
01 070
01 080
01 090
01 100
01 110
01 120
01 130
01 140
01 150
01 160
01 170
01 180
01 190
01 200
01 210
01 220
01 230
01 240
01 250
01 260
01 270
01 280
01 290
01 300
01 310
01 320
01 330
01 340
01 350
01 360
01 370
01 380
01 390
02 001
02 010
02 020
02 030
02 040
02 050
02 060
02 070
02 080
02 090
02 100
02 110
02 120
02 130
02 140
02 150
02 160
02 170
02 180
02 190
02 200
02 210
02 220
02 230
02 240
02 250
02 260
02 270
02 280
02 290
02 300
02 310
02 320
02 330
02 340
02 350
02 360
02 370
02 380
02 381
03 010
03 020
03 030
03 040
03 050
03 060
03 070
03 080
03 090
03 100
03 110
03 120
03 130
03 140
03 150
03 151
03 160
03 170
03 180
03 190
03 200
03 210
03 220
03 230
03 231
03 240
03 250
03 260
03 270
04 010
04 011
04 012
04 020
04 030
04 040
04 050
04 060
04 070
04 080
04 090
04 100
04 110
04 120
04 130
04 131
04 140
04 150
04 160
04 161
05 001
05 002
05 003
05 004
05 005
05 006
05 007
05 010
05 020
05 021
05 030
05 040
05 041
05 050
05 060
05 070
05 071
05 072
05 080
05 090
05 100
05 110
05 120
05 130
05 140
05 150
05 160
05 170
05 180
05 190
05 200
05 210
05 220
05 221
05 222
05 223
06 001
06 010
06 020
06 030
06 040
06 050
06 051
06 060
06 070
06 080
06 090
06 100
06 101
06 110
06 120
06 130
06 140
06 150
06 160
06 170
06 180
06 190
06 200
06 210
06 220
06 230
06 240
06 250
06 251
06 260
06 270
06 280
06 290
06 300
06 310
06 320
06 330
06 340
06 350
06 360
06 370
06 371
06 380
06 381
07 010
07 020
07 030
07 040
07 050
07 060
07 070
07 080
07 090
07 100
07 110
07 120
07 130
07 140
07 150
07 160
07 170
07 180
07 190
07 200
07 210
07 220
07 230
07 240
07 250
07 260
07 270
07 280
07 290
07 300
07 310
07 320
07 330
07 340
07 350
07 351
08 010
08 020
08 030
08 040
08 050
08 060
08 070
08 080
08 090
08 100
08 110
08 120
08 130
08 140
08 150
08 160
08 161
08 170
08 180
08 190
08 200
08 210
08 220
08 230
08 240
08 250
08 260
08 270
08 280
08 290
09 001
09 010
09 020
09 030
09 040
09 050
09 060
09 070
09 080
09 090
09 100
09 110
09 120
09 130
09 140
09 150
09 160
09 170
09 180
09 190
09 200
09 210
09 220
10 001
10 010
10 020
10 030
10 040
10 050
10 060
10 070
10 080
10 090
10 100
10 110
10 120
10 130
10 140
10 150
10 160
10 170
10 180
10 190
10 200
10 210
10 220
10 230
10 240
10 250
10 260
10 270
11 001
11 010
11 020
11 030
11 040
11 050
11 060
11 070
11 080
11 090
11 100
11 110
11 120
11 130
11 140
11 150
11 160
11 170
11 180
11 190
11 200
11 210
11 220
11 230
11 240
11 250
11 260
11 270
11 280
11 290
12 010
12 020
12 030
12 040
12 050
12 060
12 070
12 071
12 080
12 090
12 100
12 110
12 120
12 130
12 140
12 150
12 160
12 170
12 180
12 190
12 200
12 210
12 220
12 230
12 240
12 250
12 260
12 270
12 280
12 290
13 010
13 020
13 030
13 040
13 050
13 060
13 070
13 080
13 090
13 100
13 110
13 120
13 130
13 140
13 150
13 160
13 170
13 180
13 181
13 182
13 190
13 200
13 210
13 220
13 230
13 240
13 250
13 260
13 270
13 271
14 001
14 010
14 020
14 030
14 040
14 050
14 060
14 070
14 071
14 080
14 090
14 100
14 110
14 120
14 130
14 140
14 150
14 160
14 170
14 180
14 190
14 200
14 210
14 211
14 220
14 230
14 240
14 250
14 260
14 270
14 280
15 010
15 020
15 030
15 040
15 050
15 060
15 070
15 080
15 090
15 100
15 110
15 120
15 130
15 140
15 150
15 160
15 170
15 180
15 190
15 200
15 210
15 220
15 230
15 240
15 250
15 260
15 270
15 280
15 290
15 300
15 301
15 310
15 320
15 330
15 340
15 350
15 360
15 370
16 010
16 020
16 030
16 040
16 050
16 060
16 070
16 080
16 090
16 100
16 110
16 120
16 130
16 140
16 150
16 160
16 170
16 180
16 190
16 200
16 210
16 220
16 230
16 240
16 250
16 260
16 270
16 280
16 290
16 300
16 310
16 320
16 330
17 001
17 002
17 010
17 020
17 030
17 040
17 050
17 060
17 070
17 080
17 090
17 100
17 110
17 120
17 130
17 140
17 150
17 160
17 170
17 180
17 190
17 200
17 210
17 220
17 230
17 240
17 250
17 260
17 270
17 280
17 290
17 300
17 310
17 320
17 330
17 340
17 350
17 360
17 370
17 380
17 390
18 001
18 002
18 010
18 020
18 021
18 022
18 030
18 040
18 050
18 060
18 070
18 080
18 090
18 100
18 110
18 120
18 130
18 140
18 150
18 160
18 170
18 180
18 190
18 200
18 220
18 230
18 240
18 250
18 260
18 270
18 280
18 290
18 300
18 310
18 320
18 330
18 340
18 350
18 360
18 370
18 380
18 390
18 400
19 010
19 020
19 030
19 040
19 050
19 060
19 070
19 080
19 090
19 100
19 110
19 120
19 130
19 140
19 150
19 160
19 170
19 180
19 190
19 200
19 210
19 220
19 230
19 240
19 250
19 260
19 270
19 280
19 290
19 300
19 310
19 320
19 330
19 340
19 350
19 360
19 370
19 380
19 390
19 400
19 410
19 420
19 430
19 440
19 450
19 460
19 461
19 470
19 471
19 480
19 490
19 500
19 510
19 520
20 010
20 020
20 030
20 031
20 040
20 050
20 060
20 070
20 080
20 090
20 100
20 110
20 120
20 121
20 130
20 140
20 150
20 160
20 170
20 180
20 190
20 200
20 210
20 211
20 220
20 230
20 240
20 250
20 260
20 270
20 280
20 290
20 300
20 310
20 320
20 330
20 340
20 350
20 360
20 370
20 380
20 381
20 390
20 400
20 410
20 420
20 430
20 440
20 450
20 460
20 470
20 480
20 490
20 500
20 510
20 520
20 530
20 540
21 010
21 020
21 030
21 040
21 050
21 060
21 070
21 080
21 081
21 090
21 100
21 110
21 120
21 130
21 140
21 150
21 151
21 160
21 170
21 180
21 181
21 190
21 200
21 210
21 220
21 230
21 231
21 240
21 250
21 260
21 261
21 270
21 280
21 290
21 300
21 310
21 320
21 330
21 340
21 350
21 360
21 370
21 380
21 390
22 010
22 020
22 030
22 040
22 050
22 060
22 070
22 080
22 081
22 090
22 100
22 110
22 120
22 130
22 140
22 150
22 160
22 161
22 170
22 180
22 190
22 200
22 210
22 220
22 230
22 240
22 241
22 250
22 260
22 270
22 280
22 290
22 300
22 310
22 320
22 330
22 340
22 350
22 360
22 370
22 380
22 390
22 400
22 410
23 010
23 020
23 030
23 040
23 050
23 060
23 070
23 080
23 090
23 100
23 110
23 120
23 130
23 140
23 150
23 160
23 170
23 180
23 190
23 200
23 210
23 220
23 230
23 240
23 250
23 260
23 270
23 280
23 290
23 300
23 310
23 320
23 330
23 340
23 350
23 360
23 370
23 380
23 390
23 400
23 410
23 420
24 010
24 020
24 030
24 040
24 050
24 060
24 070
24 080
24 090
24 100
24 110
24 120
24 130
24 140
24 150
24 160
24 170
24 180
24 190
24 200
24 210
24 220
24 230
24 240
24 250
24 260
24 270
24 280
24 290
24 300
24 310
24 320
24 330
24 340
24 350
24 360
24 370
24 380
24 390
24 400
24 410
24 420
24 430
24 440
25 001
25 010
25 020
25 030
25 040
25 050
25 051
25 060
25 070
25 080
25 090
25 100
25 110
25 111
25 120
25 130
25 140
25 150
25 160
25 170
25 180
25 190
25 200
25 210
25 220
25 230
25 240
25 250
25 260
25 270
25 280
25 290
25 300
25 310
25 320
25 330
25 340
25 350
25 360
25 370
25 371
25 380
25 390
26 010
26 020
26 030
26 040
26 050
26 060
26 070
26 080
26 090
26 100
26 110
26 120
26 130
26 140
26 150
26 160
26 170
26 180
26 190
26 200
26 210
26 220
26 230
26 240
26 250
26 260
26 270
26 280
26 290
26 300
26 310
26 320
26 330
26 340
26 350
26 360
26 370
26 380
26 390
26 400
27 010
27 011
27 020
27 030
27 031
27 040
27 050
27 060
27 061
27 070
27 080
27 090
27 100
27 110
27 120
27 130
27 140
27 150
27 160
27 170
27 180
27 190
27 200
27 210
27 220
27 230
27 240
27 250
27 260
27 270
27 280
27 290
28 010
28 020
28 030
28 040
28 050
28 060
28 070
28 080
28 090
28 100
28 110
28 120
28 121
28 130
28 140
28 150
28 160
28 170
28 180
28 190
28 200
28 210
28 220
28 230
28 240
28 250
28 260
29 010
29 020
29 030
29 040
29 050
29 060
29 070
29 080
29 090
29 100
29 110
29 120
29 130
29 140
29 150
29 160
29 170
29 180
29 190
29 191
29 200
29 210
29 220
29 230
29 240
29 250
29 251
29 260
29 270
29 280
29 290
29 300
29 310
29 320
29 330
29 340
29 350
29 360
29 370
29 380
30 010
30 020
30 030
30 040
30 050
30 060
30 070
30 080
30 090
30 100
30 101
30 110
30 120
30 130
30 140
30 150
30 160
30 170
30 180
30 190
30 200
30 210
30 220
30 230
30 240
30 250
30 260
30 270
30 280
30 290
30 291
31 010
31 020
31 030
31 040
31 050
31 060
31 070
31 080
31 090
31 100
31 110
31 120
31 130
31 140
31 150
31 160
31 161
31 170
31 180
31 190
31 200
31 210
31 220
31 230
31 240
31 250
31 251
31 260
31 270
31 280
31 290
31 300
31 310
31 320
31 330
31 340
32 010
32 020
32 030
32 040
32 050
32 060
32 070
32 080
32 090
32 100
32 110
32 120
32 130
32 140
32 150
32 160
32 170
32 180
32 190
32 200
32 210
32 220
32 230
32 240
32 250
32 260
32 270
32 280
32 290
32 300
32 310
32 320
32 330
32 340
32 350
32 360
32 370
32 380
32 390
32 391
32 400
32 410
32 420
32 430
32 440
32 450
32 451
33 010
33 020
33 030
33 040
33 050
33 060
33 070
33 080
33 090
33 100
33 110
33 120
33 130
33 140
33 150
33 160
33 170
33 180
33 190
33 200
33 210
33 220
33 230
33 240
33 250
33 260
33 270
33 280
33 290
33 300
33 310
33 320
33 330
33 340
33 350
33 360
33 370
33 380
33 390
33 400
33 410
33 420
33 430
33 440
33 441
34 010
34 020
34 030
34 040
34 050
34 060
34 070
34 080
34 090
34 100
34 110
34 120
34 130
34 140
34 141
34 150
34 160
34 170
34 180
34 190
34 200
34 210
34 220
34 230
34 240
34 250
34 260
34 270
34 280
34 290
34 300
34 310
34 320
34 321
34 330
34 340
34 350
34 360
34 370
34 380
34 390
34 400
34 401
34 410
34 420
34 430
34 440
34 450
34 460
34 470
34 480
34 490
34 500
34 510
34 520
34 530
34 540
34 550
34 560
34 561
34 570
34 580
34 590
34 600
34 610
34 611
34 612
35 010
35 020
35 030
35 040
35 050
35 060
35 070
35 080
35 090
35 100
35 110
35 120
35 130
35 140
35 150
35 160
35 170
35 180
35 190
35 200
35 210
35 220
35 221
35 230
35 240
35 250
35 260
35 270
35 280
35 281
35 290
35 300
35 310
35 320
35 330
35 340
35 350
35 360
35 370
35 380
35 390
36 010
36 020
36 030
36 040
36 050
36 060
36 070
36 080
36 090
36 100
36 110
36 120
36 130
36 140
36 150
36 151
36 160
36 170
36 180
36 190
36 200
36 210
36 220
36 230
36 240
36 241
36 250
36 260
36 270
36 280
36 290
36 300
36 301
36 310
36 320
36 330
36 340
36 350
36 351
36 360
36 370
36 380
36 390
36 400
36 410
36 420
36 430
36 440
36 450
36 460
36 470
36 480
37 010
37 020
37 030
37 040
37 050
37 060
37 070
37 080
37 090
37 100
37 110
37 120
37 130
37 140
37 150
37 160
37 170
37 180
37 190
37 200
37 210
37 220
37 230
37 240
37 250
37 260
37 270
37 280
37 290
37 300
37 310
37 320
37 330
37 340
37 350
37 360
37 370
37 380
37 390
37 400
37 401
37 410
37 420
37 430
37 440
37 450
37 460
37 470
37 480
37 490
37 500
37 510
37 520
37 530
37 540
37 550
37 560
37 570
37 580
37 590
37 600
37 610
37 620
37 630
37 640
37 650
37 660
37 670
37 680
37 690
37 700
37 710
37 720
37 730
37 740
37 750
37 760
37 770
37 780
37 790
37 800
37 810
37 820
37 821
37 822
37 830
37 840
37 850
37 860
37 870
37 880
37 890
37 900
37 910
37 920
37 930
37 940
37 950
38 010
38 020
38 030
38 040
38 050
38 060
38 070
38 080
38 090
38 100
38 110
38 120
38 130
38 140
38 150
38 160
38 170
38 180
38 190
38 200
38 210
38 220
38 230
38 240
38 250
38 260
38 270
38 280
38 290
38 300
38 310
38 320
38 330
38 340
38 350
38 360
38 370
38 380
38 390
38 400
38 410
38 420
38 430
38 440
38 441
38 450
38 460
38 470
38 480
38 490
38 500
38 510
38 520
38 521
38 522
38 530
38 540
38 550
38 560
38 570
38 580
38 590
38 600
38 610
38 620
38 630
38 640
38 650
38 660
38 670
38 680
38 690
38 700
38 710
39 001
39 002
39 010
39 020
39 030
39 040
39 050
39 060
39 070
39 080
39 090
39 100
39 110
39 120
39 130
39 140
39 150
39 160
39 170
39 180
39 190
39 200
39 210
39 220
39 230
39 240
39 250
39 260
39 270
39 280
39 290
39 300
39 310
39 320
39 330
39 340
39 350
39 360
39 370
39 380
39 390
39 400
39 410
39 420
39 430
39 440
39 450
39 451
39 460
39 470
39 480
39 490
39 500
39 510
39 520
39 530
39 540
39 550
39 560
39 570
39 580
39 590
39 600
39 610
39 620
39 630
39 640
39 650
39 660
39 670
39 680
39 690
39 700
39 710
39 720
39 730
39 740
39 750
39 760
39 770
39 780
39 790
39 800
39 810
39 820
39 830
39 840
39 850
39 860
39 870
39 880
39 890
39 900
39 910
39 920
40 010
40 020
40 030
40 040
40 050
40 060
40 070
40 080
40 090
40 100
40 110
40 120
40 130
40 140
40 150
40 160
40 170
40 180
40 190
40 200
40 210
40 220
40 230
40 240
40 250
40 260
40 270
40 280
40 290
40 300
40 310
40 320
40 330
40 340
40 350
40 360
40 370
40 380
40 390
40 400
40 410
40 420
40 430
40 440
40 450
40 460
40 470
40 480
40 490
40 500
40 510
40 520
40 530
40 540
40 550
40 560
40 570
40 580
40 590
40 600
40 610
40 620
40 630
40 640
40 650
40 660
40 670
40 680
40 690
40 700
40 710
40 720
40 730
40 740
40 750
40 760
40 770
40 780
40 790
40 800
40 810
40 820
40 830
40 840
40 850
40 860
40 870
40 880
40 890
40 900
40 910
40 920
40 930
40 940
40 950
40 960
40 970
40 980
40 990
41 010
41 020
41 021
41 030
41 040
41 041
41 050
41 060
41 070
41 080
41 090
41 100
41 110
41 120
41 130
41 131
41 132
41 133
41 140
41 150
41 160
41 170
41 180
41 190
41 200
41 201
41 210
41 220
41 230
41 240
41 250
41 260
41 270
41 280
41 290
41 300
41 310
41 320
41 330
41 340
41 350
41 360
41 370
41 380
41 390
41 400
41 410
41 420
41 430
41 440
41 450
41 460
41 470
41 480
41 490
41 500
42 010
42 020
42 030
42 040
42 050
42 060
42 070
42 080
42 090
42 100
42 110
42 120
42 130
42 140
42 150
42 160
42 170
42 180
42 190
42 200
42 210
42 220
42 230
42 240
42 250
42 260
42 270
42 280
42 290
42 300
42 310
42 320
42 330
42 340
42 350
42 360
42 370
42 380
42 390
42 400
42 410
42 420
42 430
42 440
42 450
42 460
42 470
42 480
42 490
42 500
42 510
42 520
43 010
43 020
43 030
43 040
43 050
43 060
43 070
43 080
43 090
43 100
43 110
43 120
43 130
43 140
43 150
43 160
43 170
43 180
43 190
43 200
43 210
43 220
43 230
43 240
43 250
43 260
43 270
43 280
43 290
43 300
43 310
43 320
43 330
43 340
43 350
43 360
43 370
43 380
43 390
43 400
43 410
43 420
43 430
43 431
43 440
43 450
43 460
43 470
43 480
43 490
43 500
43 510
43 511
44 010
44 020
44 030
44 040
44 050
44 060
44 070
44 080
44 090
44 091
44 100
44 110
44 120
44 130
44 131
44 140
44 141
44 150
44 151
44 160
44 170
44 180
44 190
44 200
44 210
44 220
44 230
44 240
44 250
44 260
44 270
44 280
44 290
44 300
44 310
44 320
44 330
44 340
44 350
44 360
44 370
44 380
44 390
44 400
44 410
44 420
44 430
44 440
44 450
44 460
44 470
44 480
44 490
44 500
44 510
44 520
44 530
44 540
44 550
44 560
44 570
44 580
44 590
44 591
45 010
45 011
45 020
45 030
45 040
45 050
45 060
45 070
45 080
45 090
45 100
45 110
45 120
45 130
45 140
45 150
45 160
45 170
45 180
45 190
45 200
45 210
45 220
45 230
45 240
45 250
45 260
45 270
45 280
45 290
45 300
45 310
45 320
45 330
45 340
45 350
45 360
45 361
45 370
45 380
45 390
45 400
46 010
46 011
46 020
46 030
46 040
46 041
46 050
46 060
46 070
46 080
46 090
46 100
46 110
46 120
46 130
46 140
46 150
46 160
46 170
46 180
46 190
46 200
46 210
46 220
46 230
46 240
46 250
46 260
46 270
46 280
46 290
46 300
46 310
46 320
46 330
46 340
46 350
46 360
46 370
46 380
46 390
46 400
46 410
46 420
46 430
47 010
47 020
47 030
47 040
47 050
47 060
47 070
47 080
47 090
47 100
47 110
47 120
47 130
47 140
47 150
47 160
47 170
47 180
47 190
47 200
47 210
47 220
47 230
47 240
47 250
47 260
47 270
47 280
47 290
47 300
47 310
47 320
47 330
47 340
47 350
47 360
47 370
47 380
47 390
47 400
47 410
47 420
47 430
47 440
47 450
47 460
48 010
48 020
48 030
48 040
48 050
48 060
48 070
48 080
48 090
48 100
48 110
48 120
48 130
48 140
48 150
48 160
48 170
48 180
48 190
48 200
48 210
48 220
48 230
48 240
48 250
48 260
48 270
48 280
48 290
48 300
48 310
48 320
48 330
48 340
48 350
48 360
48 370
48 380
48 390
48 400
48 410
48 420
48 430
48 440
48 450
48 460
48 470
48 480
48 490
48 500
48 510
48 520
48 530
48 540
48 550
48 560
48 570
48 580
48 590
48 600
48 610
48 620
48 630
48 640
48 650
48 660
48 670
49 010
49 020
49 021
49 022
49 023
49 024
49 025
49 026
49 027
49 028
49 030
49 040
49 050
49 060
49 070
49 080
49 090
49 091
49 100
49 110
49 120
49 130
49 140
49 150
49 160
49 170
49 180
49 190
49 200
49 210
49 220
49 230
49 240
49 250
49 260
49 270
49 280
49 290
49 300
49 310
49 320
49 330
49 340
49 350
49 360
49 370
49 380
49 390
49 400
49 401
50 010
50 020
50 030
50 040
50 050
50 060
50 070
50 080
50 090
50 100
50 110
50 120
50 130
50 140
50 150
50 160
50 170
50 180
50 190
50 200
50 210
50 220
50 230
50 240
50 250
50 260
50 270
50 280
50 290
50 291
50 300
50 310
50 320
50 330
50 340
50 350
50 351
50 360
50 361
50 370
50 380
50 390
50 400
50 410
50 420
50 430
50 440
50 450
50 460
50 470
50 480
50 490
50 500
50 510
50 520
50 530
50 540
50 550
50 560
51 010
51 020
51 030
51 040
51 041
51 050
51 060
51 070
51 080
51 090
51 100
51 110
51 120
51 130
51 140
51 150
51 151
51 160
51 170
51 180
51 190
51 191
51 200
51 210
51 220
51 230
51 240
51 250
51 260
51 270
51 280
51 290
51 300
51 310
51 320
51 330
51 340
51 350
51 360
51 370
51 380
51 390
51 400
51 410
51 420
51 430
51 440
51 450
51 460
51 470
51 480
51 490
51 500
51 510
51 520
51 530
51 540
51 550
51 560
51 570
51 571
51 580
51 590
51 600
51 610
51 620
52 001
52 010
52 020
52 030
52 040
52 041
52 050
52 060
52 070
52 080
52 090
52 100
52 110
52 120
52 130
52 140
52 150
52 160
52 170
52 180
52 190
52 200
52 210
52 220
52 230
52 240
52 250
52 260
52 270
52 280
52 290
52 300
52 310
52 320
52 330
52 340
52 341
52 350
52 360
52 370
52 380
52 390
52 400
52 410
52 420
52 430
52 440
52 450
52 460
52 470
52 480
52 490
52 500
52 510
53 010
53 020
53 030
53 040
53 050
53 060
53 070
53 080
53 090
53 100
53 101
53 110
53 120
53 130
53 140
53 150
53 160
53 170
53 180
53 190
53 200
53 210
53 220
53 230
53 231
53 240
53 250
53 260
53 270
53 280
53 290
53 300
53 310
53 320
53 330
53 340
53 350
53 360
53 370
53 380
53 390
53 400
53 410
53 420
53 430
53 440
53 450
53 460
53 470
53 480
53 490
53 500
53 510
53 520
53 530
53 540
53 550
53 560
53 570
54 001
54 010
54 020
54 021
54 030
54 040
54 050
54 060
54 061
54 062
54 070
54 080
54 090
54 100
54 110
54 120
54 130
54 140
54 150
54 160
54 170
54 180
54 190
54 200
54 210
54 220
54 230
54 240
54 250
54 260
54 270
54 280
54 290
54 300
54 310
54 320
54 330
54 340
54 350
54 360
54 370
54 380
54 390
54 400
54 410
54 420
54 430
54 440
54 450
54 460
54 470
54 480
54 490
54 500
54 510
54 520
54 530
55 010
55 020
55 030
55 040
55 050
55 060
55 061
55 070
55 080
55 090
55 100
55 110
55 120
55 130
55 140
55 150
55 160
55 170
55 180
55 190
55 200
55 210
55 220
55 230
55 240
55 250
55 260
55 270
55 280
55 290
55 300
55 310
55 320
55 330
55 340
55 350
55 360
55 370
55 380
55 390
55 400
55 410
55 420
55 430
55 440
55 450
55 460
55 470
55 480
55 490
55 500
55 510
55 520
55 521
56 001
56 010
56 020
56 030
56 040
56 050
56 060
56 070
56 080
56 090
56 100
56 110
56 120
56 130
56 140
56 150
56 160
56 170
56 180
56 190
56 200
56 210
56 220
56 230
56 240
56 250
56 260
56 270
56 271
56 272
56 280
56 290
56 300
56 310
56 320
56 330
56 340
56 350
56 360
56 370
56 380
56 390
56 400
56 410
56 420
56 430
56 440
56 450
56 460
56 470
56 480
56 490
56 500
56 510
56 520
56 530
56 540
56 550
56 560
56 570
56 580
56 590
56 591
56 600
57 010
57 020
57 030
57 040
57 050
57 060
57 070
57 080
57 090
57 100
57 110
57 120
57 130
57 140
57 150
57 160
57 170
57 180
57 190
57 200
57 210
57 220
57 230
57 240
57 250
57 260
57 270
57 280
57 290
57 300
57 310
57 320
57 330
57 340
57 350
57 360
57 370
57 380
57 390
57 400
57 410
57 420
57 430
57 440
57 450
57 460
57 470
57 480
57 490
57 500
57 510
57 520
57 530
57 540
57 550
57 560
57 570
57 580
57 590
57 600
57 610
57 620
57 630
57 640
57 650
57 651
57 652
58 001
58 002
58 003
58 010
58 020
58 030
58 040
58 050
58 060
58 070
58 080
58 090
58 100
58 110
58 120
58 130
58 140
58 150
58 160
58 170
58 180
58 190
58 200
58 210
58 220
58 230
58 240
58 250
58 260
58 270
58 280
58 290
58 300
58 310
58 320
58 330
58 340
58 350
58 360
58 370
58 380
59 010
59 020
59 030
59 040
59 050
59 060
59 070
59 080
59 090
59 100
59 110
59 120
59 130
59 140
59 150
59 160
59 170
59 180
59 190
59 200
59 210
59 220
59 230
59 240
59 250
59 260
59 270
59 280
59 290
59 300
59 310
59 320
59 330
59 340
59 350
59 360
59 370
59 380
59 390
59 400
59 410
60 010
60 020
60 030
60 040
60 050
60 060
60 070
60 080
60 090
60 100
60 110
60 120
60 130
60 140
60 150
60 160
60 170
60 180
60 190
60 200
60 210
60 220
60 230
60 240
60 250
60 260
60 270
60 280
60 290
60 300
60 310
60 320
60 330
60 340
60 350
60 360
60 370
60 380
60 390
60 400
60 410
60 420
60 430
60 431
60 440
60 450
60 460
61 010
61 020
61 030
61 040
61 050
61 060
61 070
61 080
61 081
61 082
61 090
61 100
61 110
61 120
61 130
61 140
61 150
61 160
61 170
61 180
61 190
61 200
61 210
61 220
61 230
61 240
61 250
61 260
61 270
61 280
61 290
61 300
61 310
61 320
61 330
61 340
61 350
61 360
61 370
61 380
61 390
61 400
61 410
61 420
61 430
61 440
61 450
61 460
62 010
62 020
62 021
62 030
62 040
62 050
62 060
62 070
62 080
62 090
62 100
62 110
62 120
62 130
62 140
62 150
62 160
62 170
62 180
62 190
62 200
62 210
62 211
62 220
62 230
62 240
62 250
62 260
62 270
62 280
62 290
62 300
62 310
62 320
62 321
62 330
62 340
62 350
62 360
62 370
62 380
62 390
63 010
63 020
63 030
63 040
63 050
63 060
63 070
63 080
63 090
63 100
63 110
63 120
63 130
63 140
63 150
63 160
63 170
63 180
63 190
63 200
63 210
63 220
63 230
63 240
63 250
63 260
63 270
63 280
63 290
63 300
63 310
63 320
63 330
63 340
63 350
63 360
63 370
63 380
63 390
63 400
63 410
64 010
64 020
64 030
64 040
64 050
64 060
64 070
64 080
64 090
64 100
64 110
64 120
64 130
64 140
64 150
64 160
64 170
64 180
64 190
64 200
64 210
64 220
64 230
64 240
64 250
64 260
64 270
64 280
64 290
64 300
64 310
64 320
64 330
65 010
65 020
65 030
65 040
65 050
65 060
65 070
65 080
65 090
65 100
65 110
65 120
65 130
65 140
65 150
65 160
65 170
65 180
65 190
65 200
65 210
65 220
65 230
65 240
65 250
65 260
65 270
65 280
65 290
65 300
65 310
65 320
65 330
65 340
65 350
65 360
65 370
65 380
65 390
65 400
65 410
65 420
65 430
65 440
65 450
65 460
65 470
65 480
65 490
65 500
65 510
65 520
65 530
65 540
65 550
65 560
65 570
65 580
65 590
65 600
65 610
65 620
66 010
66 020
66 030
66 040
66 050
66 060
66 070
66 080
66 090
66 100
66 110
66 120
66 130
66 140
66 150
66 160
66 170
66 180
66 190
66 200
66 210
66 220
66 230
66 240
66 250
66 260
66 270
66 280
66 290
66 300
66 310
66 320
66 330
66 340
66 350
66 360
66 370
66 380
66 390
66 400
66 410
66 420
66 430
66 440
66 450
66 460
66 470
66 480
66 490
66 500
66 510
66 520
66 530
66 540
66 550
67 010
67 020
67 030
67 040
67 050
67 060
67 070
67 080
67 090
67 100
67 110
67 120
67 130
67 140
67 150
67 160
67 170
67 180
67 190
67 200
67 210
67 220
67 230
67 240
67 250
67 260
67 270
67 280
67 290
67 300
67 310
67 320
67 330
67 340
67 350
67 360
67 370
67 380
67 390
67 400
67 410
67 420
67 430
67 440
67 450
67 460
67 470
67 480
67 490
67 500
68 010
68 020
68 030
68 040
68 050
68 060
68 070
68 080
68 090
68 100
68 110
68 120
68 130
68 140
68 150
68 160
68 170
68 180
68 190
68 200
68 210
68 220
68 230
68 240
68 250
68 260
68 270
68 280
68 290
68 300
68 310
68 320
68 330
68 340
68 350
68 360
68 370
68 380
68 390
68 400
68 410
68 420
68 430
69 010
69 020
69 030
69 040
69 050
69 060
69 070
69 080
69 090
69 100
69 110
69 120
69 130
69 140
69 150
69 160
69 170
69 180
69 190
69 200
69 210
69 220
69 230
69 240
69 250
69 260
69 270
69 280
69 290
69 300
69 310
69 320
69 330
69 340
69 350
69 360
69 370
69 380
69 390
70 010
70 020
70 030
70 040
70 050
70 060
70 070
70 080
70 090
70 100
70 110
70 120
70 130
70 140
70 150
70 160
70 170
70 180
70 190
70 200
70 210
70 220
70 230
70 240
70 250
70 260
70 270
70 280
70 290
70 300
70 310
70 320
70 330
71 010
71 020
71 030
71 040
71 050
71 060
71 070
71 080
71 090
71 100
71 110
71 120
71 130
71 140
71 150
71 160
71 170
71 180
71 190
71 200
71 210
71 220
71 230
71 240
71 250
71 260
71 270
71 280
71 290
71 300
71 310
71 320
71 330
71 340
71 350
71 360
72 010
72 020
72 030
72 040
72 050
72 060
72 070
72 080
72 090
72 100
72 110
72 120
72 130
72 140
72 150
72 160
72 170
72 180
72 190
72 200
72 210
72 220
72 230
72 240
72 250
72 260
72 270
72 280
72 290
72 300
72 310
72 320
72 330
72 340
72 350
72 360
72 370
72 380
72 390
72 400
72 410
72 420
72 430
72 440
72 450
72 460
72 470
72 480
72 490
72 500
73 010
73 020
73 030
73 040
73 050
73 060
73 070
73 080
73 090
73 100
73 110
73 120
73 130
73 140
73 150
73 160
73 170
73 180
73 190
73 200
73 210
73 220
73 230
73 240
73 250
73 260
73 270
73 280
73 290
73 300
73 310
73 320
73 330
73 340
73 350
73 360
73 370
73 380
73 390
73 400
73 410
73 420
73 430
73 440
73 450
73 460
74 010
74 020
74 030
74 040
74 050
74 060
74 070
74 080
74 090
74 100
74 110
74 120
74 130
74 140
74 150
74 160
74 170
74 180
74 190
74 200
74 210
74 220
74 230
74 240
74 250
74 260
74 270
74 280
74 290
74 300
74 310
74 320
74 330
74 340
74 350
74 360
74 361
74 370
75 010
75 020
75 030
75 040
75 050
75 060
75 070
75 080
75 090
75 100
75 110
75 120
75 130
75 140
75 150
75 160
75 170
75 180
75 190
75 200
75 210
75 220
75 230
75 240
75 250
75 260
75 270
75 280
75 290
75 300
75 310
75 320
75 330
75 340
75 350
75 360
75 370
75 380
75 390
75 400
75 410
75 420
75 430
75 440
75 450
75 460
75 470
75 480
76 010
76 020
76 030
76 040
76 050
76 060
76 070
76 080
76 090
76 100
76 110
76 120
76 130
76 140
76 150
76 160
76 170
76 180
76 190
76 200
76 210
76 220
76 230
76 240
76 250
76 260
76 270
76 280
76 290
76 300
76 310
76 320
76 330
76 340
76 350
76 360
76 370
76 380
76 390
76 400
77 010
77 020
77 030
77 040
77 050
77 060
77 070
77 080
77 090
77 100
77 110
77 120
77 130
77 140
77 150
77 160
77 170
77 180
77 190
77 200
77 210
77 220
77 230
77 240
77 250
77 260
77 270
77 280
77 290
77 300
77 310
77 320
77 330
77 340
77 350
78 010
78 020
78 030
78 040
78 050
78 060
78 070
78 080
78 090
78 100
78 110
78 120
78 130
78 140
78 150
78 160
78 170
78 180
78 190
78 200
78 210
78 220
78 230
78 240
78 250
78 260
78 270
78 280
78 290
78 300
78 310
78 320
78 330
78 340
78 350
78 360
78 370
78 380
78 390
78 400
78 410
78 420
78 430
78 440
79 010
79 020
79 030
79 040
79 050
79 060
79 070
79 080
79 090
79 100
79 110
79 120
79 130
79 140
79 150
79 160
79 170
79 180
79 190
79 200
79 210
79 220
79 230
79 240
79 250
79 260
79 270
79 280
79 290
79 300
79 310
79 320
79 330
79 340
79 350
79 360
79 370
79 380
79 390
79 400
79 410
79 420
79 430
79 440
79 450
79 460
79 470
79 480
79 490
79 500
80 010
80 020
80 030
80 040
80 050
80 060
80 070
80 080
80 090
80 100
80 110
80 120
80 130
80 140
80 150
80 160
80 170
80 180
80 190
80 200
80 210
80 220
80 230
80 240
80 250
80 260
80 270
80 280
80 290
80 300
80 310
80 320
80 330
80 340
80 350
80 360
80 370
80 380
81 010
81 020
81 030
81 040
81 050
81 060
81 070
81 080
81 090
81 100
81 110
81 120
81 130
81 140
81 150
81 160
81 170
81 180
81 190
81 200
81 210
81 220
81 230
81 240
81 250
81 260
81 270
81 280
81 290
81 300
81 310
81 320
81 330
82 010
82 020
82 021
82 030
82 040
82 050
82 060
82 070
82 080
82 090
82 100
82 110
82 120
82 130
82 140
82 150
82 160
82 170
82 171
82 180
82 190
82 200
82 210
82 220
82 230
82 240
82 250
82 260
82 270
82 280
82 290
82 300
82 310
82 320
82 330
82 340
82 350
82 360
82 370
82 380
82 390
82 400
82 410
82 420
82 430
82 440
82 450
82 460
82 470
82 480
82 490
82 500
82 510
82 520
82 530
82 540
82 550
82 560
83 010
83 020
83 030
83 040
83 050
83 060
83 070
83 080
83 081
83 090
83 100
83 110
83 120
83 130
83 131
83 140
83 150
83 160
83 170
83 180
83 190
83 200
83 210
83 220
83 221
83 230
83 240
83 250
83 260
83 270
83 280
83 290
83 300
83 310
83 320
83 321
83 330
83 340
83 350
83 360
83 370
83 380
83 390
83 400
83 410
83 420
83 430
83 440
83 450
83 460
83 470
84 001
84 002
84 010
84 020
84 030
84 040
84 050
84 060
84 070
84 080
84 090
84 100
84 110
84 120
84 130
84 140
84 141
84 142
84 150
84 160
84 170
84 180
84 190
84 200
84 210
84 220
84 230
84 240
84 250
84 260
84 270
84 280
84 290
84 300
84 310
84 320
84 330
84 340
84 350
84 360
84 370
84 380
84 390
84 400
84 410
84 420
84 430
84 440
84 450
84 460
84 470
84 480
84 490
84 500
84 510
84 520
84 530
84 540
84 550
84 560
84 570
84 580
84 590
84 600
84 610
84 620
84 621
85 010
85 020
85 030
85 040
85 050
85 060
85 070
85 080
85 090
85 100
85 110
85 120
85 130
85 140
85 150
85 160
85 170
85 180
85 190
85 191
85 200
85 210
85 220
85 221
85 230
85 240
85 250
85 260
85 270
85 280
85 290
85 300
85 310
85 320
85 330
85 340
85 350
85 360
85 370
85 380
85 390
85 400
86 010
86 020
86 030
86 040
86 050
86 060
86 070
86 080
86 090
86 100
86 110
86 120
86 130
86 140
86 150
86 160
86 170
86 171
86 172
86 173
86 174
86 175
86 176
86 177
86 178
86 179
86 180
86 181
87 010
87 020
87 030
87 040
87 050
87 060
87 070
87 080
87 090
87 100
87 110
87 120
87 130
87 140
87 150
87 160
87 170
87 180
87 190
87 200
87 210
87 220
87 230
87 240
87 250
87 260
87 270
87 280
87 290
87 300
87 310
88 001
88 002
88 003
88 004
88 005
88 006
88 007
88 010
88 020
88 030
88 040
88 050
88 060
88 061
88 070
88 080
88 090
88 100
88 110
88 120
88 130
88 140
88 150
88 160
88 170
88 180
88 190
88 200
88 210
88 220
88 230
88 240
88 250
88 260
88 270
88 280
88 290
88 300
88 310
89 010
89 020
89 030
89 040
89 050
89 060
89 070
89 080
89 090
89 100
89 110
89 120
89 130
89 140
89 150
89 160
89 170
89 180
89 190
89 200
89 210
89 220
89 221
89 222
89 230
89 240
89 250
89 260
89 270
89 280
89 290
